number of elements in the matrix: 1036869 (421Ko)
775
2 0 2 11 
4 0 5 5 
1 29 6 30 
3 31 4 36 
25 33 36 33 
42 56 47 57 
40 48 40 59 
28 57 39 57 
31 58 36 59 
41 53 44 55 
43 58 54 58 
53 2 54 7 
57 47 60 49 
55 57 58 59 
48 46 48 57 
47 43 47 54 
53 52 54 57 
49 49 54 50 
49 54 52 56 
55 48 56 53 
55 54 60 55 
56 56 67 56 
59 52 64 53 
60 59 71 59 
62 57 67 58 
81 57 86 58 
88 49 99 49 
90 46 93 48 
107 53 118 53 
129 23 132 25 
152 0 157 1 
178 2 179 7 
173 0 178 1 
167 0 170 2 
171 0 172 5 
176 10 179 12 
175 2 176 7 
172 6 174 9 
1 0 1 11 
1 31 2 36 
6 0 9 2 
6 3 7 8 
10 0 12 3 
10 4 11 9 
6 20 11 21 
12 21 23 21 
5 31 6 36 
7 26 8 31 
1 27 6 28 
8 3 8 14 
9 12 14 13 
9 10 20 10 
11 14 12 19 
14 14 17 16 
14 17 17 19 
14 20 25 20 
8 16 10 19 
12 4 17 5 
12 6 15 8 
13 0 18 1 
14 2 25 2 
20 3 21 8 
18 4 19 9 
16 6 17 9 
20 9 31 9 
15 11 18 13 
18 16 20 19 
19 12 24 13 
20 14 31 14 
23 15 28 16 
23 17 26 19 
29 15 29 26 
27 19 28 24 
10 22 21 22 
3 22 6 24 
26 25 28 28 
26 20 26 24 
10 23 21 23 
19 24 24 25 
22 26 23 31 
19 27 21 30 
9 26 20 26 
9 27 14 28 
9 30 10 35 
7 33 8 38 
11 32 14 34 
12 29 17 30 
11 24 16 25 
22 32 23 37 
25 34 26 39 
20 38 23 40 
26 29 31 30 
28 32 39 32 
29 27 40 27 
30 12 35 13 
30 23 33 25 
32 28 37 29 
36 30 47 30 
40 28 45 29 
40 31 40 42 
41 32 42 37 
43 31 54 31 
2 25 6 26 
2 14 2 24 
3 16 4 21 
6 15 7 19 
5 9 7 12 
3 6 5 8 
0 12 4 13 
0 14 1 19 
0 21 1 26 
0 33 0 44 
28 35 30 38 
29 44 30 49 
30 26 41 26 
34 15 35 20 
38 33 39 38 
38 39 39 44 
40 43 42 46 
37 34 37 45 
34 34 36 37 
32 35 33 40 
28 39 31 41 
34 40 36 43 
27 42 32 43 
23 41 26 43 
17 41 22 42 
16 35 17 40 
19 31 19 40 
15 45 26 45 
4 41 15 41 
2 37 5 39 
11 42 16 43 
17 43 22 44 
11 44 14 46 
26 46 28 49 
22 46 24 49 
20 46 21 51 
15 46 19 47 
17 48 18 53 
19 48 19 59 
27 50 38 50 
31 45 33 48 
10 37 13 39 
1 40 12 40 
1 41 2 46 
12 47 13 52 
15 51 16 56 
17 54 18 59 
22 50 23 55 
20 52 21 57 
20 58 30 58 
24 50 25 55 
26 51 31 52 
34 47 45 47 
43 41 44 46 
42 38 47 39 
35 51 38 53 
26 53 29 55 
30 53 32 56 
22 56 29 56 
33 51 34 56 
35 54 38 56 
41 27 52 27 
46 28 51 29 
43 50 46 52 
45 42 46 46 
42 48 46 49 
52 44 53 48 
54 41 56 44 
54 45 65 45 
45 40 50 41 
53 38 56 40 
50 36 52 39 
48 34 49 39 
57 51 68 51 
69 50 71 53 
61 49 66 50 
61 46 64 48 
65 48 76 48 
61 54 66 55 
65 52 68 53 
67 49 78 49 
72 57 75 59 
69 54 71 57 
80 59 91 59 
79 53 80 58 
80 44 81 49 
88 43 89 48 
88 50 89 55 
81 52 83 55 
75 51 80 52 
72 51 74 54 
82 56 93 56 
88 58 99 58 
90 57 101 57 
95 50 96 55 
91 52 94 54 
97 50 108 50 
72 55 77 56 
79 40 79 50 
85 51 87 54 
84 44 84 55 
86 44 87 49 
85 40 87 43 
99 48 110 48 
101 47 112 47 
109 14 109 25 
109 49 111 52 
111 48 122 48 
112 50 115 52 
116 50 121 51 
151 2 156 3 
155 4 166 4 
158 2 163 3 
161 0 166 1 
169 4 170 9 
3 41 3 52 
1 48 2 53 
4 42 5 47 
6 42 6 53 
4 48 4 59 
5 48 5 59 
3 53 3 59 
1 54 2 59 
13 53 14 58 
8 59 16 59 
6 55 7 59 
18 31 18 40 
15 31 17 34 
21 10 26 11 
30 10 35 11 
32 4 33 9 
35 8 40 9 
30 15 31 20 
30 21 41 21 
32 15 33 20 
34 24 39 25 
36 14 41 15 
36 12 41 13 
39 10 50 10 
36 18 39 20 
51 9 52 14 
41 8 52 8 
44 11 46 14 
50 11 50 22 
51 17 52 22 
51 15 56 16 
53 17 64 17 
64 5 64 16 
62 6 63 11 
58 4 63 5 
59 6 60 11 
54 8 57 10 
53 11 56 13 
55 1 56 6 
57 11 58 16 
59 12 61 15 
42 7 52 7 
57 1 57 7 
48 0 59 0 
59 3 70 3 
60 0 71 0 
60 1 71 1 
31 49 39 49 
34 6 39 7 
40 20 49 20 
42 11 43 16 
41 17 44 19 
47 11 48 16 
45 17 48 19 
44 21 49 22 
42 21 43 26 
36 22 41 23 
40 4 41 7 
44 23 46 26 
48 43 51 45 
49 46 51 48 
52 28 55 30 
53 21 58 22 
55 23 56 27 
50 24 53 26 
47 23 49 26 
53 18 56 20 
66 42 67 47 
57 43 62 44 
63 33 63 44 
53 37 62 37 
64 40 65 44 
57 41 62 42 
58 38 61 40 
67 39 72 40 
67 41 78 41 
68 45 71 47 
68 42 71 44 
72 45 75 47 
76 43 78 46 
72 42 75 44 
81 40 83 43 
82 46 83 51 
84 34 84 43 
86 34 89 36 
85 37 90 38 
86 39 97 39 
90 44 95 45 
94 46 97 48 
98 46 109 46 
100 44 105 45 
97 41 98 45 
88 41 93 42 
94 40 96 43 
104 15 107 17 
106 3 106 14 
105 3 105 14 
104 0 104 11 
101 12 104 14 
106 1 111 2 
108 0 119 0 
93 15 103 15 
94 13 99 14 
95 7 96 12 
97 1 97 12 
85 6 96 6 
73 4 84 4 
79 5 84 6 
85 2 87 5 
79 2 84 3 
75 0 80 1 
72 0 74 3 
81 1 92 1 
88 2 91 4 
92 2 96 3 
98 0 101 2 
98 3 103 4 
98 9 100 12 
74 6 75 11 
76 6 77 11 
81 7 82 12 
83 7 88 8 
84 12 89 13 
78 13 83 14 
86 10 91 11 
90 7 93 9 
92 10 92 21 
84 14 87 16 
90 12 91 17 
78 7 79 12 
98 5 101 7 
101 8 103 11 
88 14 89 19 
87 17 87 28 
89 20 89 31 
83 29 88 30 
82 25 85 27 
107 5 107 14 
109 8 112 10 
112 1 117 2 
110 3 112 6 
109 7 120 7 
113 3 116 5 
113 6 124 6 
119 1 122 3 
108 3 108 14 
108 15 108 26 
117 5 128 5 
123 0 128 1 
123 2 134 2 
126 3 131 4 
129 0 134 1 
130 5 135 6 
132 3 143 3 
135 1 140 2 
135 0 146 0 
141 1 146 2 
147 0 147 11 
144 3 145 8 
105 20 107 23 
101 18 106 19 
104 24 107 26 
93 23 104 23 
98 16 103 17 
109 11 120 11 
114 8 117 10 
117 56 120 58 
111 57 116 58 
112 49 123 49 
129 5 129 16 
130 7 133 9 
130 10 131 15 
132 10 135 12 
134 7 137 9 
136 4 139 6 
141 9 144 11 
132 13 133 18 
133 24 133 35 
129 26 132 28 
135 13 146 13 
146 3 146 12 
118 9 128 9 
125 6 128 8 
118 10 128 10 
130 29 132 32 
131 34 131 45 
119 25 120 30 
121 27 122 32 
129 33 130 38 
130 39 130 50 
128 29 129 32 
132 36 133 41 
133 44 138 45 
132 42 143 42 
134 43 145 43 
139 44 141 47 
131 46 133 49 
131 53 134 55 
134 47 135 52 
128 51 133 52 
134 13 134 24 
127 21 132 22 
122 20 133 20 
117 22 122 23 
121 24 124 26 
135 15 138 17 
121 11 121 21 
123 27 123 38 
119 33 122 35 
119 36 121 39 
123 19 133 19 
135 14 146 14 
139 15 140 20 
116 14 116 25 
118 18 120 21 
117 12 118 17 
109 13 116 13 
119 12 120 17 
110 14 112 17 
112 18 115 20 
113 14 115 17 
114 23 114 34 
115 33 118 35 
117 24 118 29 
115 36 117 39 
116 40 118 43 
110 18 110 29 
110 30 112 33 
107 31 109 34 
101 31 106 32 
105 33 106 38 
99 38 104 39 
98 29 98 40 
101 33 104 35 
99 26 99 37 
105 40 107 43 
101 41 104 43 
105 28 108 30 
100 29 104 30 
100 27 104 28 
100 24 103 26 
90 25 99 25 
95 26 98 28 
93 26 94 31 
94 34 97 36 
95 30 97 33 
109 35 112 37 
110 38 111 43 
109 44 114 45 
110 46 121 46 
111 22 112 27 
113 31 113 42 
90 26 91 31 
90 32 92 35 
93 37 97 38 
91 24 99 24 
90 18 91 23 
115 44 120 45 
119 40 121 43 
121 44 126 45 
125 23 127 26 
127 27 127 38 
125 27 126 32 
124 33 126 36 
125 37 126 42 
127 40 128 45 
122 40 124 43 
128 47 129 50 
122 46 127 47 
124 48 126 51 
113 47 121 47 
136 10 139 12 
140 4 140 12 
141 4 142 8 
148 0 149 5 
150 1 150 12 
151 5 162 5 
152 6 163 6 
153 7 156 9 
151 9 151 20 
142 15 142 26 
148 13 150 16 
148 7 149 12 
152 9 152 20 
134 25 135 30 
135 19 137 22 
136 23 139 25 
138 21 141 22 
135 31 135 41 
136 33 147 33 
136 34 139 36 
136 38 138 41 
139 39 142 41 
139 37 144 38 
143 39 146 41 
145 34 148 36 
147 38 150 40 
149 34 151 37 
140 23 141 28 
136 28 139 30 
137 31 148 31 
143 32 154 32 
149 33 160 33 
147 41 150 43 
154 36 154 47 
154 17 156 20 
154 10 155 15 
156 21 156 32 
150 29 153 31 
154 25 155 30 
144 22 155 22 
143 21 154 21 
147 12 147 20 
148 17 150 20 
157 29 159 32 
157 26 160 28 
160 29 165 30 
143 16 145 19 
143 23 144 28 
151 23 152 28 
149 23 150 28 
153 10 153 20 
157 24 162 25 
161 27 166 28 
157 38 158 43 
145 23 146 28 
147 23 148 28 
146 29 149 30 
140 29 145 30 
154 34 159 35 
157 36 168 36 
160 37 165 38 
153 34 153 45 
160 39 161 44 
163 42 166 44 
162 45 163 50 
162 39 173 39 
167 37 178 37 
164 45 164 56 
161 54 162 59 
163 57 166 59 
166 29 167 34 
172 34 175 36 
168 33 171 35 
161 32 163 35 
172 28 173 33 
173 24 175 27 
171 58 176 59 
169 56 174 57 
167 52 168 57 
172 14 172 25 
166 15 171 16 
167 18 170 20 
165 20 166 25 
157 22 162 23 
160 19 163 21 
157 17 168 17 
171 21 171 32 
168 22 168 32 
169 23 170 28 
167 22 167 28 
174 32 179 33 
174 28 176 31 
178 20 178 31 
177 17 177 28 
173 18 174 23 
175 13 176 18 
173 10 174 15 
179 14 179 25 
151 38 151 49 
153 46 153 57 
153 58 158 59 
150 55 151 59 
155 36 155 47 
156 11 161 12 
169 10 172 12 
160 13 171 13 
156 13 158 16 
160 14 171 14 
159 15 164 16 
156 36 156 47 
156 52 157 57 
157 8 160 10 
161 7 166 8 
167 5 168 10 
162 9 164 12 
165 11 168 12 
159 55 160 59 
158 48 158 57 
160 51 163 53 
159 47 161 50 
157 44 158 47 
159 37 159 46 
162 40 173 40 
165 45 170 46 
169 50 170 55 
165 50 166 55 
166 47 171 48 
165 49 176 49 
172 46 175 48 
171 44 176 45 
167 41 169 44 
170 41 175 42 
178 42 179 47 
177 48 178 53 
172 54 177 55 
177 56 179 59 
174 50 176 53 
171 51 173 53 
176 39 177 43 
166 38 177 38 
0 51 0 59 
11 53 12 58 
10 47 11 52 
9 53 10 58 
9 42 10 46 
8 50 8 58 
8 42 8 49 
9 47 9 52 
7 46 7 54 
22 3 23 8 
43 32 46 34 
43 36 47 37 
47 32 47 35 
46 1 54 1 
50 3 52 6 
58 2 69 2 
62 25 62 36 
63 27 64 32 
64 4 72 4 
65 5 68 7 
65 16 68 18 
70 6 72 9 
65 8 68 10 
70 10 73 12 
69 5 69 16 
65 13 68 15 
70 13 71 18 
80 35 80 43 
82 31 83 36 
85 31 88 33 
79 28 82 30 
81 32 81 39 
80 22 81 27 
78 19 79 24 
80 20 85 21 
82 22 86 23 
80 17 83 19 
74 17 79 18 
78 15 83 16 
72 15 77 16 
74 12 77 14 
73 31 81 31 
78 32 80 34 
66 33 77 33 
64 33 65 38 
66 34 66 41 
65 31 70 32 
67 34 70 36 
69 37 74 38 
73 39 78 40 
75 37 79 38 
72 35 77 36 
65 29 70 30 
65 27 70 28 
66 20 68 23 
69 22 71 25 
64 24 67 26 
71 28 74 30 
72 19 74 22 
73 23 76 25 
74 26 79 27 
75 19 77 22 
75 28 78 30 
63 21 65 23 
59 21 60 26 
58 23 58 34 
59 27 60 32 
59 33 61 36 
50 32 52 35 
57 23 57 34 
54 35 58 36 
53 32 56 34 
61 20 62 24 
57 18 60 20 
62 19 71 19 
99 18 100 22 
101 20 104 22 
92 22 98 22 
95 18 98 20 
93 16 94 21 
113 54 116 56 
117 54 122 55 
121 56 123 59 
108 59 119 59 
119 52 124 53 
125 52 126 57 
125 58 130 59 
131 58 142 58 
131 59 142 59 
128 53 130 56 
132 56 137 57 
136 46 136 55 
143 57 146 59 
146 42 146 53 
147 44 149 47 
147 48 147 59 
143 54 146 56 
148 50 149 55 
150 44 150 54 
152 51 152 59 
152 41 152 50 
0 0 0 11 
24 3 25 8 
34 3 37 5 
31 0 33 3 
38 2 39 5 
40 2 45 3 
48 2 52 2 
46 2 47 6 
42 4 45 6 
48 3 49 6 
29 0 29 8 
27 0 28 5 
21 0 26 1 
30 0 30 8 
31 4 31 8 
44 0 45 1 
37 0 42 1 
34 0 36 2 
103 51 108 52 
105 53 106 58 
107 54 112 55 
107 56 110 58 
98 59 107 59 
100 58 104 58 
102 55 104 57 
94 56 101 56 
97 54 101 55 
97 51 100 53 
101 51 102 53 
122 15 122 19 
122 11 124 14 
123 16 128 17 
125 12 128 14 
123 18 131 18 
137 46 137 55 
138 46 138 57 
139 50 144 51 
139 48 144 49 
139 54 141 57 
142 44 144 47 
139 53 145 53 
139 52 145 52 
145 45 145 51 
154 53 155 57 
154 50 155 52 
154 48 157 49 
